-----------Report---------------
txRate: 100.240577386
tps: 89.5094880057
latency: 0.61102
failNum: 0
-----------Report---------------
txRate: 100.260677762
tps: 94.8586605957
latency: 0.619686
failNum: 0
-----------Report---------------
txRate: 100.260677762
tps: 84.6740050804
latency: 0.606488
failNum: 0
